data,seed,e,kappa,obj,lambda_minus,lambda_plus,ARI,p1_slvr_status,p1_clause_gen,p1_solver,p1_total
chainlink,1358,0.1,0.0,md,928,,0.055796848456477595,OPTIMUM,4.464510000000001,8.09166,12.55617
chainlink,1358,0.1,0.1,md,946,,0.09655947720992746,OPTIMUM,2.70581,0.33717,3.04298
chainlink,1358,0.1,0.25,md,962,,0.008861890549232497,OPTIMUM,2.47397,0.07107,2.54504
iris,1358,0.1,0.0,md,726,,0.6997969063548527,OPTIMUM,0.50685,0.22265,0.72950
iris,1358,0.1,0.1,md,755,,0.548776327460335,OPTIMUM,0.42672,0.09246,0.51918
iris,1358,0.1,0.25,md,755,,0.6613585820141142,OPTIMUM,0.68502,0.13416,0.81918
chainlink,1732,0.1,0.0,md,928,,0.05390715299674217,OPTIMUM,4.190300000000001,7.70566,11.89596
chainlink,1732,0.1,0.1,md,957,,0.11078775266198454,OPTIMUM,2.8658200000000003,0.45410,3.31992
chainlink,1732,0.1,0.25,md,975,,-0.0006368424385454259,OPTIMUM,2.5505,0.06962,2.62012
iris,1732,0.1,0.0,md,726,,0.6997969063548527,OPTIMUM,0.52156,0.24331,0.76487
iris,1732,0.1,0.1,md,755,,0.6228128955401683,OPTIMUM,0.6135900000000001,0.07066,0.68425
iris,1732,0.1,0.25,md,755,,0.6443179284731625,OPTIMUM,0.66753,0.07442,0.74195
chainlink,1358,0.1,0.0,mdms,989,259,1.0,OPTIMUM,4.5326900000000006,9.33695,13.86964
chainlink,1358,0.1,0.1,mdms,989,259,1.0,OPTIMUM,3.40297,0.92256,4.32553
chainlink,1358,0.1,0.25,mdms,989,259,1.0,OPTIMUM,3.1307300000000002,0.20306,3.33379
iris,1358,0.1,0.0,mdms,726,32,0.5991322942418877,OPTIMUM,0.57537,0.78283,1.35820
iris,1358,0.1,0.1,mdms,755,15,0.6893776563939301,OPTIMUM,0.47953999999999997,0.16130,0.64084
iris,1358,0.1,0.25,mdms,755,7,0.7874017024726389,OPTIMUM,0.69133,0.13393,0.82526
chainlink,1732,0.1,0.0,mdms,989,259,1.0,OPTIMUM,4.91066,8.53130,13.44196
chainlink,1732,0.1,0.1,mdms,989,259,1.0,OPTIMUM,3.2629000000000006,0.85064,4.11354
chainlink,1732,0.1,0.25,mdms,989,259,1.0,OPTIMUM,3.00246,0.14729,3.14975
iris,1732,0.1,0.0,mdms,726,32,0.5991322942418877,OPTIMUM,0.63368,0.56707,1.20075
iris,1732,0.1,0.1,mdms,755,36,0.9037675791580496,OPTIMUM,0.5484399999999999,0.20384,0.75228
iris,1732,0.1,0.25,mdms,755,36,0.8669322774150664,OPTIMUM,0.54481,0.16119,0.70600
