data,seed,e,kappa,cl_ml_ratio,pareto_index,chain,ml_sat,ml_unsat,cl_sat,cl_unsat,lm_lambda_minus,lm_lambda_plus,lp_lambda_minus,lp_lambda_plus,ARI,p1_slvr_status,p1_clause_gen,p1_solver,p1_total,p2_lm_slvr_status,p2_lm_clause_gen,p2_lm_solver,p2_lm_total,p2_lp_slvr_status,p2_lp_clause_gen,p2_lp_solver,p2_lp_total,total_slvr_time
oldiris,2352,0.1,0.0,1,0,nochain,,,,,726,5,1219,32,0.599132294241888,,0,,0,OPTIMUM,1.15409,0.14160,1.29569,OPTIMUM,1.31701,0.12914,1.44615,0.27074
oldiris,2352,0.1,0.0,1,1,nochain,,,,,755,36,1219,36,0.885792100198963,,0.0,,0,OPTIMUM,0.6671699999999999,0.07262,0.73979,OPTIMUM,1.28494,0.14089,1.42583,0.21350999999999998
oldiris,2352,0.1,0.0,1,2,nochain,,,,,829,50,1219,66,0.565885606026880,,0.0,,0,OPTIMUM,0.63753,0.08122,0.71875,OPTIMUM,1.24432,0.15607,1.40039,0.23729
oldiris,2352,0.1,0.0,1,3,nochain,,,,,896,74,1219,74,0.525194184425413,,0.0,,0,OPTIMUM,0.64862,0.08790,0.73652,OPTIMUM,1.34933,0.13101,1.48034,0.21891
oldiris,2352,0.1,0.0,1,4,nochain,,,,,920,106,1219,106,0.562136425142658,,0.0,,0,OPTIMUM,0.7889,0.06892,0.85782,OPTIMUM,1.4285599999999998,0.12152,1.55008,0.19044
oldiris,2352,0.1,0.0,1,5,nochain,,,,,966,107,1219,130,0.563751020523071,,0.0,,0,OPTIMUM,0.64096,0.08263,0.72359,OPTIMUM,1.62063,0.14486,1.76549,0.22748999999999997
oldiris,2352,0.1,0.0,1,6,nochain,,,,,1054,153,1219,153,0.558371443754135,,0.0,,0,OPTIMUM,0.5813299999999999,0.09635,0.67768,OPTIMUM,1.6373300000000002,0.19769,1.83502,0.29404
old2iris,2352,0.1,0.0,1,0,nochain,,,,,726,330,1219,32,0.599132294241888,,0,,0,OPTIMUM,1.31483,0.11243,1.42726,OPTIMUM,0.87624,0.11668,0.99292,0.22911
old2iris,2352,0.1,0.0,1,1,nochain,,,,,755,334,1219,36,0.885792100198963,,0.0,,0,OPTIMUM,0.63042,0.05793,0.68835,OPTIMUM,0.85809,0.12871,0.98680,0.18664
old2iris,2352,0.1,0.0,1,2,nochain,,,,,829,333,1219,66,0.563766120129810,,0.0,,0,OPTIMUM,0.6426000000000001,0.06770,0.71030,OPTIMUM,0.7695299999999999,0.11943,0.88896,0.18713
old2iris,2352,0.1,0.0,1,3,nochain,,,,,896,336,1219,74,0.522745018101365,,0.0,,0,OPTIMUM,0.59957,0.08731,0.68688,OPTIMUM,0.71882,0.11909,0.83791,0.2064
old2iris,2352,0.1,0.0,1,4,nochain,,,,,920,334,1219,106,0.562136425142658,,0.0,,0,OPTIMUM,0.8133600000000001,0.07044,0.88380,OPTIMUM,0.74573,0.09923,0.84496,0.16967
old2iris,2352,0.1,0.0,1,5,nochain,,,,,966,335,1219,130,0.563751020523071,,0.0,,0,OPTIMUM,0.61029,0.07741,0.68770,OPTIMUM,0.8116800000000001,0.11544,0.92712,0.19285000000000002
old2iris,2352,0.1,0.0,1,6,nochain,,,,,1054,336,1219,153,0.558371443754135,,0.0,,0,OPTIMUM,0.5629500000000001,0.07849,0.64144,OPTIMUM,0.74629,0.11476,0.86105,0.19325
iris,2352,0.1,0.0,1,0,nochain,,,,,726,0,1219,32,0.599132294241888,,0,,0,OPTIMUM,1.45272,0.13657,1.58929,OPTIMUM,0.80713,0.08606,0.89319,0.22263
iris,2352,0.1,0.0,1,1,nochain,,,,,755,0,1219,36,0.885792100198963,,0.0,,0,OPTIMUM,0.70907,0.07913,0.78820,OPTIMUM,0.7406499999999999,0.09174,0.83239,0.17087000000000002
iris,2352,0.1,0.0,1,2,nochain,,,,,829,0,1219,66,0.563766120129810,,0.0,,0,OPTIMUM,0.68523,0.07675,0.76198,OPTIMUM,0.74494,0.07217,0.81711,0.14892
iris,2352,0.1,0.0,1,3,nochain,,,,,896,0,1219,74,0.522745018101365,,0.0,,0,OPTIMUM,0.6487200000000001,0.08571,0.73443,OPTIMUM,0.72019,0.07364,0.79383,0.15935
iris,2352,0.1,0.0,1,4,nochain,,,,,920,0,1219,106,0.562136425142658,,0.0,,0,OPTIMUM,0.68397,0.08901,0.77298,OPTIMUM,0.66059,0.08564,0.74623,0.17465
iris,2352,0.1,0.0,1,5,nochain,,,,,966,0,1219,130,0.563751020523071,,0.0,,0,OPTIMUM,0.68896,0.08786,0.77682,OPTIMUM,0.67536,0.07499,0.75035,0.16285
iris,2352,0.1,0.0,1,6,nochain,,,,,1054,0,1219,153,0.558371443754135,,0.0,,0,OPTIMUM,0.74533,0.08288,0.82821,OPTIMUM,0.70024,0.08445,0.78469,0.16732999999999998
