data,seed,e,kappa,cl_ml_ratio,pareto_index,chain,ml_sat,ml_unsat,cl_sat,cl_unsat,lm_lambda_minus,lm_lambda_plus,lp_lambda_minus,lp_lambda_plus,ARI,p1_slvr_status,p1_clause_gen,p1_solver,p1_total,p2_lm_slvr_status,p2_lm_clause_gen,p2_lm_solver,p2_lm_total,p2_lp_slvr_status,p2_lp_clause_gen,p2_lp_solver,p2_lp_total,total_slvr_time
oldiris,2352,0.1,0.0,1,0,nochain,,,,,726,5,1219,32,0.599132294241888,,0,,0,OPTIMUM,1.15409,0.14160,1.29569,OPTIMUM,1.31701,0.12914,1.44615,0.27074
oldiris,2352,0.1,0.0,1,1,nochain,,,,,755,36,1219,36,0.885792100198963,,0.0,,0,OPTIMUM,0.6671699999999999,0.07262,0.73979,OPTIMUM,1.28494,0.14089,1.42583,0.21350999999999998
oldiris,2352,0.1,0.0,1,2,nochain,,,,,829,50,1219,66,0.565885606026880,,0.0,,0,OPTIMUM,0.63753,0.08122,0.71875,OPTIMUM,1.24432,0.15607,1.40039,0.23729
oldiris,2352,0.1,0.0,1,3,nochain,,,,,896,74,1219,74,0.525194184425413,,0.0,,0,OPTIMUM,0.64862,0.08790,0.73652,OPTIMUM,1.34933,0.13101,1.48034,0.21891
oldiris,2352,0.1,0.0,1,4,nochain,,,,,920,106,1219,106,0.562136425142658,,0.0,,0,OPTIMUM,0.7889,0.06892,0.85782,OPTIMUM,1.4285599999999998,0.12152,1.55008,0.19044
oldiris,2352,0.1,0.0,1,5,nochain,,,,,966,107,1219,130,0.563751020523071,,0.0,,0,OPTIMUM,0.64096,0.08263,0.72359,OPTIMUM,1.62063,0.14486,1.76549,0.22748999999999997
oldiris,2352,0.1,0.0,1,6,nochain,,,,,1054,153,1219,153,0.558371443754135,,0.0,,0,OPTIMUM,0.5813299999999999,0.09635,0.67768,OPTIMUM,1.6373300000000002,0.19769,1.83502,0.29404
old2iris,2352,0.1,0.0,1,0,nochain,,,,,726,330,1219,32,0.599132294241888,,0,,0,OPTIMUM,1.31483,0.11243,1.42726,OPTIMUM,0.87624,0.11668,0.99292,0.22911
old2iris,2352,0.1,0.0,1,1,nochain,,,,,755,334,1219,36,0.885792100198963,,0.0,,0,OPTIMUM,0.63042,0.05793,0.68835,OPTIMUM,0.85809,0.12871,0.98680,0.18664
old2iris,2352,0.1,0.0,1,2,nochain,,,,,829,333,1219,66,0.563766120129810,,0.0,,0,OPTIMUM,0.6426000000000001,0.06770,0.71030,OPTIMUM,0.7695299999999999,0.11943,0.88896,0.18713
old2iris,2352,0.1,0.0,1,3,nochain,,,,,896,336,1219,74,0.522745018101365,,0.0,,0,OPTIMUM,0.59957,0.08731,0.68688,OPTIMUM,0.71882,0.11909,0.83791,0.2064
old2iris,2352,0.1,0.0,1,4,nochain,,,,,920,334,1219,106,0.562136425142658,,0.0,,0,OPTIMUM,0.8133600000000001,0.07044,0.88380,OPTIMUM,0.74573,0.09923,0.84496,0.16967
old2iris,2352,0.1,0.0,1,5,nochain,,,,,966,335,1219,130,0.563751020523071,,0.0,,0,OPTIMUM,0.61029,0.07741,0.68770,OPTIMUM,0.8116800000000001,0.11544,0.92712,0.19285000000000002
old2iris,2352,0.1,0.0,1,6,nochain,,,,,1054,336,1219,153,0.558371443754135,,0.0,,0,OPTIMUM,0.5629500000000001,0.07849,0.64144,OPTIMUM,0.74629,0.11476,0.86105,0.19325
iris,2352,0.1,0.0,1,0,nochain,,,,,726,0,1219,32,0.599132294241888,,0,,0,OPTIMUM,1.18445,0.11302,1.29747,OPTIMUM,0.71292,0.07505,0.78797,0.18807000000000001
iris,2352,0.1,0.0,1,1,nochain,,,,,755,0,1219,36,0.885792100198963,,0.0,,0,OPTIMUM,0.6065699999999999,0.08174,0.68831,OPTIMUM,0.6933600000000001,0.09998,0.79334,0.18172
iris,2352,0.1,0.0,1,2,nochain,,,,,829,0,1219,66,0.563766120129810,,0.0,,0,OPTIMUM,0.63284,0.09011,0.72295,OPTIMUM,0.6005199999999999,0.07145,0.67197,0.16155999999999998
iris,2352,0.1,0.0,1,3,nochain,,,,,896,0,1219,74,0.522745018101365,,0.0,,0,OPTIMUM,0.56375,0.07008,0.63383,OPTIMUM,0.71636,0.08589,0.80225,0.15597
iris,2352,0.1,0.0,1,4,nochain,,,,,920,0,1219,106,0.562136425142658,,0.0,,0,OPTIMUM,0.6482600000000001,0.07149,0.71975,OPTIMUM,0.59088,0.07533,0.66621,0.14682
iris,2352,0.1,0.0,1,5,nochain,,,,,966,0,1219,130,0.563751020523071,,0.0,,0,OPTIMUM,0.7120799999999999,0.08574,0.79782,OPTIMUM,0.61024,0.08730,0.69754,0.17304
iris,2352,0.1,0.0,1,6,nochain,,,,,1054,0,1219,153,0.558371443754135,,0.0,,0,OPTIMUM,0.5859,0.07721,0.66311,OPTIMUM,0.6157499999999999,0.05922,0.67497,0.13643
