data,seed,e,kappa,pareto_index,ml_sat,ml_unsat,cl_sat,cl_unsat,lm_lambda_minus,lm_lambda_plus,lp_lambda_minus,lp_lambda_plus,ARI,p1_slvr_status,p1_clause_gen,p1_solver,p1_total,p2_lm_slvr_status,p2_lm_clause_gen,p2_lm_solver,p2_lm_total,p2_lp_slvr_status,p2_lp_clause_gen,p2_lp_solver,p2_lp_total,total_slvr_time
iris,2352,0.1,0.0,0,,,,,726,0,1219,32,0.599132294241888,,0,,0,OPTIMUM,1.1374,0.13152,1.26892,OPTIMUM,0.74087,0.07721,0.81808,0.20873
iris,2352,0.1,0.0,1,,,,,755,0,1219,36,0.885792100198963,,0.0,,0,OPTIMUM,0.67125,0.07535,0.74660,OPTIMUM,0.7518399999999998,0.29858,1.05042,0.37393
iris,2352,0.1,0.0,2,,,,,829,0,1219,66,0.563766120129810,,0.0,,0,OPTIMUM,0.63,0.07529,0.70529,OPTIMUM,0.67118,0.07664,0.74782,0.15193
iris,2352,0.1,0.0,3,,,,,896,0,1219,74,0.522745018101365,,0.0,,0,OPTIMUM,0.61913,0.07010,0.68923,OPTIMUM,0.62622,0.08629,0.71251,0.15639
iris,2352,0.1,0.0,4,,,,,920,0,1219,106,0.562136425142658,,0.0,,0,OPTIMUM,0.60077,0.07285,0.67362,OPTIMUM,0.67325,0.08729,0.76054,0.16014
iris,2352,0.1,0.0,5,,,,,966,0,1219,130,0.563751020523071,,0.0,,0,OPTIMUM,0.65556,0.07578,0.73134,OPTIMUM,0.76031,0.08059,0.84090,0.15637
iris,2352,0.1,0.0,6,,,,,1054,0,1219,153,0.558371443754135,,0.0,,0,OPTIMUM,0.73478,0.07219,0.80697,OPTIMUM,0.64105,0.08356,0.72461,0.15575
chainlink,1358,0.1,0.0,0,,,,,928,0,990,16,0.117559650356817,,0,,0,OPTIMUM,6.409840000000001,1.52256,7.93240,OPTIMUM,2.4355499999999997,0.19206,2.62761,1.71462
chainlink,1358,0.1,0.0,1,,,,,938,0,990,18,0.233502103666679,,0.0,,0,OPTIMUM,3.05425,0.32936,3.38361,OPTIMUM,2.23584,0.15636,2.39220,0.48572
chainlink,1358,0.1,0.0,2,,,,,941,0,990,20,0.053860772344238,,0.0,,0,OPTIMUM,2.56138,0.23330,2.79468,OPTIMUM,2.40934,0.15308,2.56242,0.38638
chainlink,1358,0.1,0.0,3,,,,,947,0,990,23,0.136085865999342,,0.0,,0,OPTIMUM,2.50352,0.21195,2.71547,OPTIMUM,2.1655800000000003,0.15603,2.32161,0.36798
chainlink,1358,0.1,0.0,4,,,,,956,0,990,24,0.133123663348738,,0.0,,0,OPTIMUM,2.31026,0.30343,2.61369,OPTIMUM,2.48482,0.15759,2.64241,0.46102
chainlink,1358,0.1,0.0,5,,,,,959,0,990,25,0.151273835168535,,0.0,,0,OPTIMUM,2.34687,0.15653,2.50340,OPTIMUM,2.12189,0.16792,2.28981,0.32445
chainlink,1358,0.1,0.0,6,,,,,984,0,990,28,0.207182208843175,,0.0,,0,OPTIMUM,2.1907,0.15461,2.34531,OPTIMUM,2.6048400000000003,0.12002,2.72486,0.27463
chainlink,1358,0.1,0.0,7,,,,,985,0,990,29,0.064600203196676,,0.0,,0,OPTIMUM,2.35995,0.13311,2.49306,OPTIMUM,2.53643,0.15012,2.68655,0.28323
chainlink,1358,0.1,0.0,8,,,,,990,0,990,39,0.000000000000000,,0.0,,0,OPTIMUM,2.36893,0.15306,2.52199,OPTIMUM,2.24918,0.15372,2.40290,0.30678
chainlink,1358,0.1,0.1,0,,,,,989,0,990,12,0.838894798038157,,0,,0,OPTIMUM,6.04731,0.19985,6.24716,OPTIMUM,4.66595,0.14440,4.81035,0.34425
iris,1358,0.1,0.0,0,,,,,726,0,1219,32,0.599132294241888,,0,,0,OPTIMUM,0.99767,0.13315,1.13082,OPTIMUM,0.72653,0.11056,0.83709,0.24370999999999998
iris,1358,0.1,0.0,1,,,,,755,0,1219,36,0.885792100198963,,0.0,,0,OPTIMUM,0.59287,0.06574,0.65861,OPTIMUM,0.8731500000000001,0.09115,0.96430,0.15689
iris,1358,0.1,0.0,2,,,,,829,0,1219,66,0.563766120129810,,0.0,,0,OPTIMUM,0.68134,0.21387,0.89521,OPTIMUM,0.7265,0.09921,0.82571,0.31308
iris,1358,0.1,0.0,3,,,,,896,0,1219,74,0.522745018101365,,0.0,,0,OPTIMUM,0.62047,0.09536,0.71583,OPTIMUM,0.69469,0.08070,0.77539,0.17606
iris,1358,0.1,0.0,4,,,,,920,0,1219,106,0.562136425142658,,0.0,,0,OPTIMUM,0.62361,0.08397,0.70758,OPTIMUM,0.62144,0.07670,0.69814,0.16067
iris,1358,0.1,0.0,5,,,,,966,0,1219,130,0.563751020523071,,0.0,,0,OPTIMUM,0.60018,0.07846,0.67864,OPTIMUM,0.64904,0.09811,0.74715,0.17657
iris,1358,0.1,0.0,6,,,,,1054,0,1219,153,0.558371443754135,,0.0,,0,OPTIMUM,0.5780299999999999,0.07764,0.65567,OPTIMUM,0.69396,0.09385,0.78781,0.17149
iris,1358,0.1,0.1,0,,,,,755,0,1219,15,0.603944369555920,,0,,0,OPTIMUM,0.74693,0.11554,0.86247,OPTIMUM,0.75032,0.09170,0.84202,0.20724
iris,1358,0.1,0.1,1,,,,,787,0,1219,20,0.555401877397278,,0.0,,0,OPTIMUM,0.6827500000000001,0.09054,0.77329,OPTIMUM,0.72071,0.08658,0.80729,0.17712
iris,1358,0.1,0.1,2,,,,,854,0,1219,36,0.868037727994384,,0.0,,0,OPTIMUM,0.9418300000000001,0.08272,1.02455,OPTIMUM,0.68531,0.08958,0.77489,0.1723
