data,seed,e,kappa,cl_ml_ratio,pareto_index,chain,ml_sat,ml_unsat,cl_sat,cl_unsat,lm_lambda_minus,lm_lambda_plus,lp_lambda_minus,lp_lambda_plus,ARI,p1_slvr_status,p1_clause_gen,p1_solver,p1_total,p2_lm_slvr_status,p2_lm_clause_gen,p2_lm_solver,p2_lm_total,p2_lp_slvr_status,p2_lp_clause_gen,p2_lp_solver,p2_lp_total,total_slvr_time
chainlink,1358,0.1,0.0,1,2,nochain,,,,,941,19,990,20,0.151293836188400,,0,,0,OPTIMUM,2.29733,0.18140,2.47873,OPTIMUM,8.34133,0.96935,9.31068,1.15075
chainlink,1358,0.1,0.0,1,3,nochain,,,,,947,23,990,23,0.151289346245591,,0.0,,0,OPTIMUM,2.14489,0.14818,2.29307,OPTIMUM,10.69119,0.96107,11.65226,1.10925
chainlink,1358,0.1,0.0,1,4,nochain,,,,,956,24,990,24,0.151293836188400,,0.0,,0,OPTIMUM,1.98076,0.15542,2.13618,OPTIMUM,22.69667,0.86636,23.56303,1.0217800000000001
chainlink,1358,0.1,0.0,1,5,nochain,,,,,959,25,990,25,-0.000995075248858,,0.0,,0,OPTIMUM,2.0819,0.14193,2.22383,OPTIMUM,28.99525,1.01407,30.00932,1.1560000000000001
chainlink,1358,0.1,0.0,1,6,nochain,,,,,984,26,990,28,0.324300896361118,,0.0,,0,OPTIMUM,1.87572,0.13805,2.01377,OPTIMUM,21.59364,0.93616,22.52980,1.0742099999999999
chainlink,1358,0.1,0.0,1,7,nochain,,,,,985,29,990,29,0.136051656344946,,0.0,,0,OPTIMUM,1.9418199999999999,0.18085,2.12267,OPTIMUM,22.27354,1.00739,23.28093,1.18824
chainlink,1358,0.1,0.0,1,8,nochain,,,,,990,35,990,39,0.000000000000000,,0.0,,0,OPTIMUM,2.07409,0.12609,2.20018,OPTIMUM,21.723129999999998,0.96469,22.68782,1.09078
chainlink,1358,0.1,0.0,1,0,nochain,,,,,928,2,960,16,0.117559650356817,,0.0,,0,OPTIMUM,5.18898,0.91779,6.10677,OPTIMUM,4.1965900000000005,0.96550,5.16209,1.8832900000000001
chainlink,1358,0.1,0.0,1,1,nochain,,,,,938,17,990,18,0.227753307755391,,0.0,,0,OPTIMUM,2.47509,0.23429,2.70938,OPTIMUM,4.52466,0.92383,5.44849,1.15812
chainlink,1358,0.1,0.1,1,0,nochain,52,0,48,0,989,3,990,12,0.824288137577664,OPTIMUM,1.56819,0.37399,1.94218,OPTIMUM,6.75419,0.09566,6.84985,OPTIMUM,5.1917599999999995,0.09991,5.29167,2.13775
bugchainlink,1358,0.1,0.25,1,0,nochain,108,0,141,1,989,1,990,1,0.887251160419612,OPTIMUM,1.8212999999999995,3.55601,5.37731,OPTIMUM,4.23247,0.11142,4.34389,OPTIMUM,4.011839999999999,0.11425,4.12609,5.60298
oldiris,1358,0.1,0.1,1,0,nochain,6,0,9,0,755,2,1219,15,0.676454462051257,OPTIMUM,0.38278,0.23353,0.61631,OPTIMUM,0.67079,0.05613,0.72692,OPTIMUM,0.71429,0.04344,0.75773,0.7158800000000001
oldiris,1358,0.1,0.1,1,1,nochain,6,0,9,0,787,20,1219,20,0.555401877397278,OPTIMUM,0.38278,0.23353,0.61631,OPTIMUM,0.60677,0.05141,0.65818,OPTIMUM,0.6979599999999999,0.07064,0.76860,0.73836
oldiris,1358,0.1,0.1,1,2,nochain,6,0,9,0,854,33,1219,36,0.903767579158050,OPTIMUM,0.38278,0.23353,0.61631,OPTIMUM,0.50657,0.03961,0.54618,OPTIMUM,0.62463,0.06031,0.68494,0.71623
oldiris,1358,0.1,0.0,1,0,nochain,,,,,726,5,1219,32,0.599132294241888,,0.08732,,0.08732,OPTIMUM,0.9678000000000001,0.09614,1.06394,OPTIMUM,1.10147,0.07978,1.18125,0.26324000000000003
oldiris,1358,0.1,0.0,1,1,nochain,,,,,755,36,1219,36,0.885792100198963,,0.08732,,0.08732,OPTIMUM,0.59922,0.06553,0.66475,OPTIMUM,1.52435,0.11419,1.63854,0.26704
oldiris,1358,0.1,0.0,1,3,nochain,,,,,896,74,1219,74,0.525194184425413,,0.08732,,0.08732,OPTIMUM,0.58867,0.07909,0.66776,OPTIMUM,1.1578300000000001,0.09883,1.25666,0.26524000000000003
oldiris,1358,0.1,0.0,1,4,nochain,,,,,920,106,1219,106,0.562136425142658,,0.08732,,0.08732,OPTIMUM,0.6804,0.05074,0.73114,OPTIMUM,1.4176300000000002,0.10245,1.52008,0.24051
oldiris,1358,0.1,0.0,1,5,nochain,,,,,966,107,1219,130,0.563751020523071,,0.08732,,0.08732,OPTIMUM,0.52732,0.05513,0.58245,OPTIMUM,1.1702599999999999,0.09895,1.26921,0.2414
oldiris,1358,0.1,0.0,1,6,nochain,,,,,1054,153,1219,153,0.558371443754135,,0.08732,,0.08732,OPTIMUM,0.5268499999999999,0.06198,0.58883,OPTIMUM,1.46716,0.09413,1.56129,0.24342999999999998
oldiris,1358,0.1,0.0,1,2,nochain,,,,,829,50,1219,66,0.565885606026880,,0.08732,,0.08732,OPTIMUM,0.53944,0.06960,0.60904,OPTIMUM,1.14936,0.08910,1.23846,0.24602000000000002
oldiris,1358,0.1,0.25,1,1,nochain,16,0,21,0,854,33,1219,36,0.903767579158050,OPTIMUM,0.17165,0.08312,0.25477,OPTIMUM,0.55136,0.06121,0.61257,OPTIMUM,0.58559,0.05304,0.63863,0.36901999999999996
oldiris,1358,0.1,0.25,1,0,nochain,16,0,21,0,755,5,1219,7,0.704442817285818,OPTIMUM,0.17165,0.08312,0.25477,OPTIMUM,0.63708,0.06154,0.69862,OPTIMUM,0.58503,0.08324,0.66827,0.39954999999999996
iris,1358,0.1,0.0,1,0,nochain,,,,,726,5,1219,32,0.599132294241888,,0,,0,OPTIMUM,1.35378,0.11765,1.47143,OPTIMUM,1.24294,0.14916,1.39210,0.26681
iris,1358,0.1,0.0,1,1,nochain,,,,,755,36,1219,36,0.885792100198963,,0.0,,0,OPTIMUM,0.59728,0.06319,0.66047,OPTIMUM,1.1875900000000001,0.09716,1.28475,0.16035
iris,1358,0.1,0.0,1,2,nochain,,,,,829,50,1219,66,0.565885606026880,,0.0,,0,OPTIMUM,0.82808,0.06002,0.88810,OPTIMUM,1.13966,0.10400,1.24366,0.16402
iris,1358,0.1,0.0,1,3,nochain,,,,,896,74,1219,74,0.525194184425413,,0.0,,0,OPTIMUM,0.5781200000000001,0.07141,0.64953,OPTIMUM,1.48015,0.09768,1.57783,0.16909000000000002
iris,1358,0.1,0.0,1,4,nochain,,,,,920,106,1219,106,0.562136425142658,,0.0,,0,OPTIMUM,0.54715,0.04647,0.59362,OPTIMUM,1.5221399999999998,0.10051,1.62265,0.14698
iris,1358,0.1,0.0,1,5,nochain,,,,,966,107,1219,130,0.563751020523071,,0.0,,0,OPTIMUM,0.5777,0.07060,0.64830,OPTIMUM,1.36282,0.12115,1.48397,0.19174999999999998
iris,1358,0.1,0.0,1,6,nochain,,,,,1054,153,1219,153,0.558371443754135,,0.0,,0,OPTIMUM,0.57607,0.06792,0.64399,OPTIMUM,1.7015500000000001,0.10685,1.80840,0.17476999999999998
iris,1358,0.1,0.1,1,0,nochain,,,,,755,2,1219,15,0.676454462051257,,0,,0,OPTIMUM,0.89347,0.14070,1.03417,OPTIMUM,0.79666,0.08678,0.88344,0.22748
iris,1358,0.1,0.1,1,1,nochain,,,,,787,20,1219,20,0.555401877397278,,0.0,,0,OPTIMUM,0.90919,0.08358,0.99277,OPTIMUM,0.8125,0.10238,0.91488,0.18596000000000001
iris,1358,0.1,0.1,1,2,nochain,,,,,854,33,1219,36,0.903767579158050,,0.0,,0,OPTIMUM,0.55687,0.05920,0.61607,OPTIMUM,0.6361699999999999,0.07881,0.71498,0.13801000000000002
iris,1358,0.1,0.25,1,0,nochain,,,,,755,5,1219,7,0.704442817285818,,0,,0,OPTIMUM,0.71617,0.07581,0.79198,OPTIMUM,0.6853400000000001,0.27313,0.95847,0.34894
iris,1358,0.1,0.25,1,1,nochain,,,,,854,33,1219,36,0.903767579158050,,0.0,,0,OPTIMUM,0.63443,0.09353,0.72796,OPTIMUM,0.62859,0.10858,0.73717,0.20211
