data,seed,e,kappa,obj,lambda_minus,lambda_plus,ARI,p1_slvr_status,p1_clause_gen,p1_solver,p1_total
chainlink,5747,0.1,0.0,md,928,,0.0007851054756429671,OPTIMUM,5.055739999999999,3.18630,8.24204
chainlink,5747,0.1,0.1,md,0,,,UNSATISFIABLE,3.3234700000000004,2.34049,5.66396
chainlink,1732,0.1,0.0,md,928,,0.0007851054756429671,OPTIMUM,5.38341,3.33225,8.71566
chainlink,1732,0.1,0.1,md,989,,0.8206564834232131,OPTIMUM,3.4569900000000002,3.90817,7.36516
chainlink,1358,0.1,0.0,md,928,,0.0007851054756429671,OPTIMUM,5.3484,3.50914,8.85754
chainlink,1358,0.1,0.1,md,989,,0.7636431627266017,OPTIMUM,3.2744,4.55006,7.82446
chainlink,1863,0.1,0.0,md,928,,0.0007851054756429671,OPTIMUM,5.179930000000001,3.46710,8.64703
chainlink,1863,0.1,0.1,md,989,,0.8834834134335017,OPTIMUM,2.97434,2.32094,5.29528
chainlink,2352,0.1,0.0,md,928,,0.0007851054756429671,OPTIMUM,5.143210000000001,3.14403,8.28724
chainlink,2352,0.1,0.1,md,983,,0.8797237772333324,OPTIMUM,3.2203399999999998,0.62604,3.84638
chainlink,3285,0.1,0.0,md,928,,0.0007851054756429671,OPTIMUM,5.037889999999999,3.16366,8.20155
chainlink,3285,0.1,0.1,md,989,,0.8425668031893707,OPTIMUM,3.2732600000000005,5.13382,8.40708
chainlink,3407,0.1,0.0,md,928,,0.0007851054756429671,OPTIMUM,5.436430000000001,3.22435,8.66078
chainlink,3407,0.1,0.1,md,989,,0.8315754311153687,OPTIMUM,3.3250099999999994,2.45841,5.78342
chainlink,3556,0.1,0.0,md,928,,0.0007851054756429671,OPTIMUM,6.885949999999999,3.50741,10.39336
chainlink,3556,0.1,0.1,md,990,,0.7883323374225315,OPTIMUM,3.20294,4.45956,7.66250
chainlink,4291,0.1,0.0,md,928,,0.0007851054756429671,OPTIMUM,5.73471,3.39003,9.12474
chainlink,4291,0.1,0.1,md,989,,0.7954593364892439,OPTIMUM,3.4941899999999997,4.02151,7.51570
chainlink,4801,0.1,0.0,md,928,,0.0007851054756429671,OPTIMUM,5.1293500000000005,3.13379,8.26314
chainlink,4801,0.1,0.1,md,983,,0.6720722692228148,OPTIMUM,3.5325799999999994,3.88133,7.41391
chainlink,5596,0.1,0.0,md,928,,0.0007851054756429671,OPTIMUM,5.089709999999999,3.38652,8.47623
chainlink,5596,0.1,0.1,md,984,,0.7671431487429015,OPTIMUM,3.2324300000000004,3.24905,6.48148
chainlink,6627,0.1,0.0,md,928,,0.0007851054756429671,OPTIMUM,4.599,3.05744,7.65644
chainlink,6627,0.1,0.1,md,989,,0.8242881150414731,OPTIMUM,3.18541,2.54338,5.72879
chainlink,7143,0.1,0.0,md,928,,0.0007851054756429671,OPTIMUM,5.58671,3.04914,8.63585
chainlink,7143,0.1,0.1,md,989,,0.9024023081297765,OPTIMUM,3.67553,5.23207,8.90760
chainlink,7950,0.1,0.0,md,928,,0.0007851054756429671,OPTIMUM,5.18746,2.98220,8.16966
chainlink,7950,0.1,0.1,md,989,,0.8462463904478839,OPTIMUM,3.9225000000000003,4.53038,8.45288
chainlink,8134,0.1,0.0,md,928,,0.0007851054756429671,OPTIMUM,5.771380000000001,3.54351,9.31489
chainlink,8134,0.1,0.1,md,989,,0.8134172671044245,OPTIMUM,3.2785,4.37473,7.65323
chainlink,8577,0.1,0.0,md,928,,0.0007851054756429671,OPTIMUM,5.245900000000001,2.88748,8.13338
chainlink,8577,0.1,0.1,md,989,,0.8948108576083383,OPTIMUM,2.9983400000000002,3.65382,6.65216
chainlink,8905,0.1,0.0,md,928,,0.0007851054756429671,OPTIMUM,4.988620000000001,3.06425,8.05287
chainlink,8905,0.1,0.1,md,986,,0.8462467232198614,OPTIMUM,3.401160000000001,5.80580,9.20696
chainlink,9650,0.1,0.0,md,928,,0.0007851054756429671,OPTIMUM,4.7538,2.98314,7.73694
chainlink,9650,0.1,0.1,md,990,,0.8573333968041834,OPTIMUM,3.3690499999999997,3.81956,7.18861
chainlink,9673,0.1,0.0,md,928,,0.0007851054756429671,OPTIMUM,5.23911,3.52626,8.76537
chainlink,9673,0.1,0.1,md,983,,0.8242881122244489,OPTIMUM,3.26408,1.58890,4.85298
chainlink,9689,0.1,0.0,md,928,,0.0007851054756429671,OPTIMUM,5.1916400000000005,2.99810,8.18974
chainlink,9689,0.1,0.1,md,989,,0.8986026050410144,OPTIMUM,3.1163500000000006,5.51099,8.62734
